Objects/table.obj Textures/wood2.bmp;Textures/wood1.bmp 0.004300 -0.013100 -0.027000 0.019000 0.006500 0.025500 0 90 0 0 0
rectangle Textures/padle2.bmp -0.013500 -0.020000 0.012100 0.102000 0.001000 0.123000 0 0 0 0 1
rectangle90 Textures/green_wall.bmp 0.037600 0.011600 0.012500 0.123000 0.063500 0.016500 0 -90 0 0 1
rectangle90 Textures/green_wall.bmp -0.063900 0.011500 0.011900 0.121500 0.063000 0.016500 0 -90 0 0 1
rectangle90 Textures/green_wall.bmp -0.013300 0.011700 -0.049100 0.102000 0.063500 0.016500 0 -180 0 0 1
rectangle90 Textures/green_wall.bmp -0.013300 0.011700 0.056700 0.102000 0.063500 0.016500 0 -180 0 0 1
Objects/cube.obj Textures/gray.bmp 0.001000 0.000000 -0.030000 0.007000 0.005000 0.001000 0 0 0 0 0
Objects/cube.obj Textures/gray.bmp 0.016000 0.000800 -0.027000 0.008000 0.006000 0.001000 1 -24 0 0 0
Objects/cube.obj Textures/gray.bmp 0.016500 0.013100 -0.025500 0.008000 0.006000 0.001000 14 -24 5 0 0
Objects/cube.obj Textures/gray.bmp 0.000700 0.013000 -0.029000 0.008000 0.006000 0.001000 0 0 0 0 0
Objects/cube.obj Textures/gray.bmp -0.014000 0.000800 -0.026900 0.008000 0.006000 0.001000 1 24 0 0 0
Objects/cube.obj Textures/gray.bmp -0.015100 0.013300 -0.025900 0.008000 0.006000 0.001000 8 23 -3 0 0
rectangle Textures/white.bmp 0.001000 0.000000 -0.028900 0.012500 0.010000 0.008500 -89 0 0 0 0
rectangle Textures/white.bmp 0.000700 0.012800 -0.027800 0.014500 0.010000 0.010500 92 180 0 0 0
rectangle Textures/black.bmp -0.014600 0.013000 -0.025000 0.014000 0.010000 0.010500 -83 3 23 0 0
rectangle Textures/white.bmp -0.013600 0.000700 -0.025900 0.014500 0.010000 0.010500 91 0 -24 0 0
rectangle Textures/white.bmp 0.015500 0.000700 -0.026100 0.014500 0.010000 0.010500 91 0 24 0 0
rectangle Textures/white.bmp 0.016000 0.012800 -0.024600 0.014000 0.010000 0.010500 102 5 24 0 0
rectangle Textures/keyboard.bmp 0.000500 -0.006100 -0.010100 0.004000 0.009500 0.009500 -180 90 0 0 0
rectangle90 Textures/text1.bmp 0.011200 0.005200 -0.027800 0.003500 0.001000 0.008500 1 -24 0 0 0
rectangle90 Textures/text2.bmp 0.015900 0.005100 -0.025600 0.003500 0.001000 0.008500 1 -24 0 0 0
rectangle90 Textures/text3.bmp 0.020100 0.005200 -0.023800 0.003500 0.001000 0.008500 1 -24 0 0 0
rectangle90 Textures/medicine2.bmp 0.020800 0.009200 -0.023200 0.003500 0.003000 0.007000 13 -25 -5 0 0
rectangle90 Textures/medicines1.bmp -0.008500 -0.002900 -0.028000 0.003500 0.002500 0.007500 0 24 -3 0 0
rectangle90 Textures/text4.bmp -0.018700 0.017400 -0.022400 0.002000 0.001000 0.010000 20 22 -8 0 0
rectangle90 Textures/text5.bmp -0.015700 0.017500 -0.023700 0.002500 0.001000 0.010000 10 24 -5 0 0
rectangle90 Textures/text6.bmp -0.012700 0.017400 -0.025000 0.002500 0.001000 0.010000 3 24 -2 0 0
rectangle90 Textures/text7.bmp -0.009700 0.017400 -0.026300 0.002500 0.001000 0.010000 7 25 -4 0 0
rectangle90 Textures/text8.bmp -0.004600 0.017200 -0.027400 0.001500 0.001000 0.010000 -4 0 0 0 0
rectangle90 Textures/text9.bmp -0.000500 0.017300 -0.027400 0.001500 0.001000 0.010000 0 0 0 0 0
rectangle90 Textures/text10.bmp 0.002600 0.017200 -0.027400 0.004000 0.001000 0.010000 0 0 0 0 0
rectangle90 Textures/text11.bmp 0.006100 0.017200 -0.027300 0.005500 0.001000 0.010000 0 0 0 0 0
rectangle90 Textures/text12.bmp 0.011700 0.017100 -0.025300 0.006500 0.001000 0.010000 12 -24 5 0 0
rectangle90 Textures/text13.bmp 0.015900 0.017000 -0.023300 0.004000 0.001000 0.010000 14 -24 6 0 0
rectangle90 Textures/text14.bmp 0.020000 0.017100 -0.021500 0.001500 0.001000 0.010000 9 -26 3 0 0
rectangle90 Textures/text15.bmp -0.018000 0.005000 -0.023700 0.003000 0.001000 0.010000 0 24 1 0 0
rectangle90 Textures/text17.bmp -0.009000 0.004900 -0.027600 0.007000 0.001000 0.010000 0 24 0 0 0
rectangle90 Textures/text16.bmp -0.013600 0.005000 -0.025700 0.007000 0.001000 0.010000 0 24 0 0 0
rectangle90 Textures/computer.bmp 0.018200 -0.014000 -0.007000 0.005000 0.010000 0.010000 0 0 0 0 0
rectangle90 Textures/black.bmp 0.015800 -0.014000 -0.011000 0.008000 0.010000 0.010500 0 -91 0 0 0
rectangle Textures/door2.bmp -0.048500 0.004300 -0.049000 0.048500 0.051000 0.023500 -92 -90 -182 0 0
rectangle Textures/tex2.bmp -0.013400 0.043500 0.012000 0.102500 0.063500 0.122500 0 -180 0 0 0
Objects/lamp.obj Textures/yellow.bmp;Textures/black.bmp;Textures/green.bmp -0.016000 0.031300 0.010000 0.006000 0.009000 0.006500 0 0 0 0 0
Objects/bed2.obj Textures/bed1.txt 0.026800 -0.017700 0.037100 0.035000 0.031500 0.029500 0 180 0 0 0
Objects/bed2.obj Textures/bed2.txt -0.054400 -0.017700 0.037200 0.035000 0.031500 0.029500 0 180 0 0 0
rectangle90 Textures/window1.bmp 0.037400 0.021500 -0.000900 0.043500 0.037500 0.034000 0 90 0 0 0
rectangle90 Textures/cabinet1.bmp -0.051600 0.000400 0.001500 0.032000 0.041000 0.009000 0 -90 0 0 0
Objects/forniture1.obj Textures/forniture4.bmp;Textures/wood3.bmp -0.034900 -0.014300 0.051400 0.005000 0.005500 0.005500 0 89 0 0 0
Objects/forniture1.obj Textures/forniture4.bmp;Textures/wood3.bmp 0.012400 -0.014300 0.051300 0.005000 0.005500 0.005500 0 89 0 0 0
rectangle Textures/carpet.bmp -0.009000 -0.019900 0.023900 0.034500 0.010000 0.039500 0 -45 0 0 0
Objects/forniture1.obj Textures/forniture5.bmp;Textures/wood3.bmp 0.030200 -0.011700 0.004100 0.007000 0.008000 0.006500 0 180 0 0 0
rectangle90 Textures/fireplace.bmp -0.012300 -0.009000 0.056500 0.028500 0.022500 0.012500 0 0 0 0 0
rectangle90 Textures/flower.bmp 0.028300 0.000800 0.003800 0.004500 0.009000 0.010000 0 78 0 0 0
rectangle90 Textures/clock2.bmp 0.008300 0.026500 0.056500 0.013000 0.013500 0.011000 0 180 0 0 0
Objects/keeper.obj Textures/chrome.bmp 0.001300 -0.006000 -0.031700 0.003000 0.002000 0.007500 0 0 0 0 0
Objects/printer.obj Textures/printer.txt 0.025700 -0.003900 -0.017000 0.004000 0.003500 0.003500 0 -86 0 0 0
Objects/chair2.obj Textures/fake_leather.bmp;Textures/fake_leather.bmp 0.000000 -0.006000 -0.001000 0.003000 0.003000 0.003000 0 87 0 0 0
rectangle90 Textures/art1.bmp -0.019000 0.020900 0.056500 0.030000 0.022500 0.012000 0 0 0 0 0
rectangle Textures/papers.bmp -0.015000 -0.006100 -0.012000 0.010000 0.010000 0.005000 0 -51 0 0 0
rectangle Letters -0.004500 0.001800 -0.027900 0.000500 0.010000 0.000500 -95 89 0 5 0
rectangle Letters -0.004500 0.001100 -0.027900 0.000500 0.010000 0.000500 -89 90 0 5 1
rectangle Letters -0.004500 0.000400 -0.027900 0.000500 0.010000 0.000500 -88 90 0 5 1
rectangle Letters -0.004500 -0.000300 -0.027900 0.000500 0.010000 0.000500 -87 90 0 5 1
rectangle Letters -0.004500 -0.001000 -0.028000 0.000500 0.010000 0.000500 -90 90 0 5 1
rectangle Letters -0.004500 -0.001700 -0.028000 0.000500 0.010000 0.000500 -90 90 0 5 1
rectangle Letters -0.004500 -0.002400 -0.028000 0.000500 0.010000 0.000500 -90 90 0 5 0
rectangle Letters -0.004400 -0.003300 -0.028000 0.000500 0.010000 0.000500 -99 87 0 5 0
rectangle Letters 0.009700 0.003200 -0.028400 0.000500 0.010000 0.000500 -67 82 3 5 0
rectangle Letters 0.009700 0.002300 -0.028400 0.000500 0.010000 0.000500 -76 84 3 5 0
rectangle Letters 0.009700 0.001500 -0.028400 0.000500 0.010000 0.000500 -84 86 3 5 0
rectangle Letters 0.009700 0.000700 -0.028300 0.000500 0.010000 0.000500 -87 87 3 5 0
rectangle Letters 0.009700 -0.000100 -0.028400 0.000500 0.010000 0.000500 -82 88 3 5 0
rectangle Letters 0.009700 -0.000900 -0.028400 0.000500 0.010000 0.000500 -92 91 3 5 0
rectangle Letters 0.009500 -0.001600 -0.027800 0.000500 0.010000 0.000500 -85 87 3 5 0
rectangle Letters 0.009700 -0.002500 -0.028600 0.000500 0.010000 0.000500 -93 94 3 5 0
rectangle Letters 0.009600 -0.003200 -0.028300 0.000500 0.010000 0.000500 -101 94 3 5 0
rectangle Letters 0.009700 -0.004000 -0.028600 0.000500 0.010000 0.000500 -109 96 3 5 0
rectangle Letters -0.004500 0.003500 -0.027800 0.000500 0.010000 0.000500 -87 89 0 5 0
rectangle Letters -0.000500 0.003500 -0.027800 0.000500 0.010000 0.000500 -69 89 0 5 0
rectangle Letters 0.003700 0.003500 -0.027800 0.000500 0.010000 0.000500 -91 90 0 5 0
rectangle Letters -0.006000 0.015300 -0.027600 0.000500 0.010000 0.000500 -89 89 0 5 0
rectangle Letters -0.006000 0.014500 -0.027500 0.000500 0.010000 0.000500 -87 89 0 5 0
rectangle Letters -0.005900 0.013500 -0.027400 0.000500 0.010000 0.000500 -90 89 0 5 0
rectangle Letters -0.005900 0.012700 -0.027700 0.000500 0.010000 0.000500 -90 89 0 5 0
rectangle Letters -0.005900 0.011800 -0.027700 0.000500 0.010000 0.000500 -91 89 0 5 0
rectangle Letters -0.005900 0.010900 -0.027700 0.000500 0.010000 0.000500 -87 89 0 5 0
rectangle Letters -0.005900 0.010000 -0.027700 0.000500 0.010000 0.000500 -85 89 0 5 0
rectangle Letters -0.005900 0.009200 -0.027800 0.000500 0.010000 0.000500 -88 89 0 5 0
rectangle Letters 0.010100 0.015100 -0.026400 0.000500 0.010000 0.000500 -72 79 3 5 0
rectangle Letters 0.010200 0.014400 -0.026600 0.000500 0.010000 0.000500 -77 79 3 5 0
rectangle Letters 0.010200 0.013600 -0.026700 0.000500 0.010000 0.000500 -74 80 3 5 0
rectangle Letters 0.010300 0.012900 -0.026900 0.000500 0.010000 0.000500 -80 82 3 5 0
rectangle Letters 0.010200 0.012000 -0.026700 0.000500 0.010000 0.000500 -82 82 3 5 0
rectangle Letters 0.010400 0.011400 -0.027200 0.000500 0.010000 0.000500 -81 83 3 5 0
rectangle Letters 0.010500 0.010700 -0.027400 0.000500 0.010000 0.000500 -82 85 3 5 0
rectangle Letters 0.010600 0.010000 -0.027500 0.000500 0.010000 0.000500 -83 83 3 5 0
rectangle Letters 0.010700 0.009300 -0.027700 0.000500 0.010000 0.000500 -79 84 3 5 0
rectangle Letters -0.018600 0.003500 -0.022400 0.000500 0.010000 0.000500 -81 90 -3 5 0
rectangle Letters -0.018500 0.002700 -0.022400 0.000500 0.010000 0.000500 -81 91 -3 5 0
rectangle Letters -0.018700 0.002000 -0.022500 0.000500 0.010000 0.000500 -83 90 -3 5 0
rectangle Letters -0.018700 0.001200 -0.022500 0.000500 0.010000 0.000500 -89 87 -3 5 0
rectangle Letters -0.018700 0.000400 -0.022500 0.000500 0.010000 0.000500 -85 89 -3 5 0
rectangle Letters -0.018500 -0.000400 -0.022400 0.000500 0.010000 0.000500 -92 88 -3 5 0
rectangle Letters -0.018500 -0.001200 -0.022400 0.000500 0.010000 0.000500 -88 88 -3 5 0
rectangle Letters -0.018600 -0.002000 -0.022500 0.000500 0.010000 0.000500 -92 86 -3 5 0
rectangle Letters -0.018600 -0.002800 -0.022500 0.000500 0.010000 0.000500 -91 87 -3 5 0
rectangle Letters -0.014800 -0.003600 -0.024700 0.000500 0.010000 0.000500 -93 83 -3 5 0