rectangle Textures/gray.bmp;Textures/yellow.bmp -0.003100 0.003500 -0.027900 0.003500 0.010000 0.001000 -93 -1 0 0 0
rectangle Textures/gray.bmp;Textures/yellow.bmp 0.005000 0.003500 -0.027900 0.003500 0.010000 0.001000 -88 0 -1 0 0
rectangle Textures/gray.bmp;Textures/yellow.bmp 0.001000 0.003400 -0.027900 0.003500 0.010000 0.001000 -83 0 1 0 0
rectangle90 Textures/gray.bmp;Textures/yellow.bmp 0.011200 0.005100 -0.027900 0.003500 0.001000 0.008500 1 -24 0 0 0
rectangle90 Textures/gray.bmp;Textures/yellow.bmp 0.016000 0.005100 -0.025700 0.003500 0.001000 0.008500 1 -24 0 0 0
rectangle90 Textures/gray.bmp;Textures/yellow.bmp 0.020100 0.005100 -0.023900 0.003500 0.001000 0.008500 1 -24 0 0 0
rectangle90 Textures/gray.bmp;Textures/yellow.bmp -0.018000 0.005000 -0.023800 0.004500 0.001000 0.008500 1 24 1 0 0
rectangle90 Textures/gray.bmp;Textures/yellow.bmp -0.009200 0.004900 -0.027600 0.004500 0.001000 0.008500 3 24 -1 0 0
rectangle90 Textures/gray.bmp;Textures/yellow.bmp -0.013500 0.005000 -0.025800 0.004000 0.001000 0.008500 0 24 0 0 0
rectangle90 Textures/gray.bmp;Textures/yellow.bmp -0.018900 0.017500 -0.022400 0.003000 0.001000 0.008500 9 23 -3 0 0
rectangle90 Textures/gray.bmp;Textures/yellow.bmp -0.009600 0.017400 -0.026400 0.003000 0.001000 0.008500 8 23 -4 0 0
rectangle90 Textures/gray.bmp;Textures/yellow.bmp -0.012700 0.017500 -0.025100 0.003000 0.001000 0.008500 11 22 -6 0 0
rectangle90 Textures/gray.bmp;Textures/yellow.bmp -0.004600 0.017200 -0.027500 0.003500 0.001000 0.006500 -3 0 0 0 0
rectangle90 Textures/gray.bmp;Textures/yellow.bmp -0.000800 0.017300 -0.027500 0.003500 0.001000 0.006500 -4 0 0 0 0
rectangle90 Textures/gray.bmp;Textures/yellow.bmp 0.002600 0.017400 -0.027600 0.003000 0.001000 0.006500 -5 0 0 0 0
rectangle90 Textures/gray.bmp;Textures/yellow.bmp 0.011600 0.017000 -0.025400 0.004000 0.001500 0.007000 14 -24 6 0 0
rectangle90 Textures/gray.bmp;Textures/yellow.bmp 0.016000 0.017000 -0.023400 0.004000 0.001500 0.007000 14 -23 6 0 0
rectangle90 Textures/gray.bmp;Textures/yellow.bmp 0.020000 0.017000 -0.021600 0.004000 0.001500 0.007000 14 -24 6 0 0
rectangle90 Textures/gray.bmp;Textures/yellow.bmp 0.006100 0.017300 -0.027500 0.003000 0.001000 0.006500 -4 0 0 0 0
rectangle90 Textures/gray.bmp;Textures/yellow.bmp -0.015700 0.017500 -0.023800 0.003000 0.001000 0.008500 8 23 -4 0 0
rectangle90 Textures/yellow.bmp 0.000900 -0.003600 -0.028800 0.012000 0.001000 0.010000 0 0 0 0 0
rectangle90 Textures/blooddata.txt 0.000700 0.012000 -0.027800 0.014500 0.009000 0.010500 2 0 0 0 0
rectangle90 Textures/vessels.bmp 0.005200 0.012000 -0.027000 0.004500 0.008000 0.010000 0 0 0 0 0
rectangle90 Textures/heart.bmp -0.001600 0.012100 -0.027800 0.009500 0.008000 0.010000 2 0 0 0 0
rectangle90 Textures/x-ray.txt -0.014400 0.012300 -0.025100 0.007500 0.009000 0.010000 8 23 -3 0 0
rectangle90 Textures/body1.bmp;Txtures/bloodpress.bmp;Textures/gluten.bmp 0.020400 -0.001700 -0.023900 0.004500 0.004500 0.010000 1 -24 0 0 0
rectangle90 Textures/blood.bmp 0.004900 0.012200 -0.027800 0.005500 0.005500 0.008500 2 0 0 0 0
rectangle90 Textures/phone_red.bmp 0.006200 -0.003600 -0.028690 0.001000 0.001000 0.008000 0 0 0 0 0
rectangle90 Textures/phone_green.bmp 0.005000 -0.003600 -0.028690 0.001000 0.001000 0.008000 0 0 0 0 0
rectangle90 Textures/green.bmp;Textures/yellow.bmp 0.000800 0.00196 -0.028800 0.012000 0.000800 0.010000 0 0 0 0 0
rectangle90 Textures/yellow.bmp -0.016400 0.003600 -0.024500 0.007500 0.001000 0.010000 0 24 0 0 0
rectangle90 Textures/yellow.bmp 0.014200 0.003300 -0.026600 0.011000 0.001000 0.010000 0 -24 0 0 0
rectangle90 Textures/yellow.bmp 0.014600 0.015200 -0.024500 0.011000 0.001000 0.010000 10 -25 4 0 0
rectangle90 Textures/yellow.bmp -0.000900 0.015300 -0.027700 0.011000 0.001000 0.010000 1 0 0 0 0
rectangle90 Textures/descreption.bmp -0.014900 0.000300 -0.025300 0.011000 0.009000 0.010000 1 24 0 0 0
rectangle90 Textures/browser.bmp 0.000900 -0.000600 -0.028700 0.012000 0.007500 0.010000 0 -1 0 0 0
rectangle90 Textures/arrow_down.bmp -0.013600 -0.004200 -0.025900 0.000500 0.000500 0.010000 0 23 0 0 0
rectangle90 Textures/arrow_down.bmp -0.013600 0.004100 -0.025800 0.000500 0.000500 0.010000 -163 -22 9 0 0
rectangle90 Textures/arrow_down.bmp 0.001200 -0.004000 -0.028900 0.000500 0.000500 0.010000 0 0 0 0 0
rectangle90 Textures/arrow_down.bmp 0.001200 0.002800 -0.028800 0.000500 0.000500 0.010000 -180 0 0 0 0